pair,prop-specific,non-specific,p,l,n,i,r,b,u
"('square', 'refrigerator')",,0.0635569690544702,,,,0.06196804482810843,0.0015889242263617547,,0.9364430309455298
"('square', 'lounge')",,0.05073207443897099,,,,0.04878215654077723,0.00194991789819376,,0.949267925561029
"('square', 'typewriter')",,0.07034225876730621,,,,0.07034225876730621,,,0.9296577412326938
"('square', 'page')",,0.03645701673785926,,,,0.034599532864327244,0.0018574838735320178,,0.9635429832621406
"('square', 'window')",,0.04521507990233021,,,,0.04329041848477577,0.0019246614175544355,,0.9547849200976698
"('square', 'lavatory')",,0.06942215088282504,,,,0.06942215088282504,,,0.930577849117175
"('square', 'footrest')",,0.09615384615384616,,,,0.07692307692307693,0.019230769230769232,,0.9038461538461539
"('square', 'floor')",,0.042620621362037175,,,,0.04082609430726747,0.0017945270547697063,,0.9573793786379629
"('square', 'notebook')",,0.06521259872709148,,,,0.0625431331953071,0.0026694655317843724,,0.9347874012729085
"('square', 'cube')",,0.05329003230319197,,,,0.04965428294639681,0.0036357493567951674,,0.946709967696808
"('square', 'apartment')",,0.04321152307281942,,,,0.041976908127881726,0.0012346149449376977,,0.9567884769271806
"('square', 'hallway')",,0.05974519735987626,,,,0.057147580083359906,0.0025976172765163593,,0.9402548026401237
"('square', 'snack')",,0.03681570146101039,,,,0.035938508478554246,0.0008771929824561404,,0.9631842985389896
"('square', 'bookmark')",,0.07972294309880815,,,,0.07972294309880815,,,0.9202770569011918
"('square', 'dresser')",,0.076676436628475,,,,0.07180921929123368,0.004867217337241318,,0.923323563371525
"('square', 'dumbwaiter')",,0.08928571428571429,,,,0.08928571428571429,,,0.9107142857142857
"('square', 'bedroom')",,0.0633727557708749,,,,0.06168424052436592,0.0016885152465089769,,0.9366272442291251
"('square', 'sharpener')",,0.05172413793103448,,,,0.05172413793103448,,,0.9482758620689655
"('square', 'box')",,0.04612404422058232,,,,0.04432386210931939,0.001800182111262933,,0.9538759557794178
"('square', 'kitchen')",,0.04975616318568594,,,,0.0476384264397583,0.002117736745927645,,0.950243836814314
"('square', 'tart')",,0.04399589574673882,,,,0.04149248565005172,0.0025034100966870943,,0.9560041042532612
"('square', 'desk')",,0.05693685488767456,,,,0.05510018214936248,0.0018366727383120826,,0.9430631451123255
"('square', 'diskette')",,0.08813660599374885,,,,0.08813660599374885,,,0.9118633940062512
"('square', 'bathroom')",,0.05293507794992325,,,,0.050581977185996004,0.002353100763927242,,0.9470649220500768
"('square', 'suite')",,0.046610633043780735,,,,0.0450332735983337,0.0015773594454470258,,0.9533893669562193
"('square', 'workspace')",,0.06030150753768844,,,,0.06030150753768844,,,0.9396984924623115
"('square', 'playroom')",,0.07191308841896722,,,,0.07191308841896722,,,0.9280869115810328
"('square', 'recliner')",,0.07770625028534904,,,,0.07094918504314476,0.006757065242204264,,0.922293749714651
"('square', 'sunroom')",,0.08032258064516129,,,,0.08032258064516129,,,0.9196774193548387
"('square', 'photocopier')",,0.10059171597633136,,,,0.10059171597633136,,,0.8994082840236687
"('square', 'file')",,0.03729073490394939,,,,0.03729073490394939,,,0.9627092650960506
"('square', 'restroom')",,0.05188999953025063,,,,0.05031757530206121,0.001572424228189413,,0.9481100004697494
"('square', 'cupboard')",,0.05771002364118672,,,,0.05771002364118672,,,0.9422899763588133
"('square', 'clipboard')",,0.06961489935195275,,,,0.06961489935195275,,,0.9303851006480472
"('square', 'marble')",,0.05385340317592346,,,,0.0501241785408972,0.003729224635026257,,0.9461465968240765
"('square', 'couch')",,0.045750729512477335,,,,0.04332046091739392,0.0024302685950834007,,0.9542492704875226
"('square', 'locker')",,0.05796653674303641,,,,0.051050480083658145,0.0069160566593782676,,0.9420334632569636
"('square', 'fireplace')",,0.061840424816831344,,,,0.05990791154130537,0.0019325132755259795,,0.9381595751831686
"('square', 'armrest')",,0.09826589595375723,,,,0.09248554913294797,0.005780346820809248,,0.9017341040462428
"('square', 'desktop')",,0.07426716506000394,,,,0.0703358727875881,0.003931292272415828,,0.925732834939996
"('square', 'cubicle')",,0.07284409328555483,,,,0.07113023556364918,0.001713857721905657,,0.9271559067144453
"('square', 'phone')",,0.03488053221629036,,,,0.03488053221629036,,,0.9651194677837096
"('square', 'macintosh')",,0.04560260586319218,,,,0.04560260586319218,,,0.9543973941368078
"('square', 'hardware')",,0.039648550108467066,,,,0.038915412278555044,0.0007331378299120235,,0.9603514498915329
"('square', 'laptop')",,0.07418735826016165,,,,0.07332528929464441,0.0008620689655172414,,0.9258126417398383
"('square', 'shelf')",,0.0650557858641691,,,,0.060923025743385026,0.004132760120784073,,0.9349442141358308
"('square', 'card')",,0.03538448438988233,,,,0.03402457296889719,0.0013599114209851449,,0.9646155156101177
"('square', 'workroom')",,0.1016949152542373,,,,0.1016949152542373,,,0.8983050847457628
"('square', 'blackboard')",,0.056236733956555124,,,,0.05349320326965633,0.002743530686898794,,0.943763266043445
"('square', 'table')",,0.042660471003111156,,,,0.04063094796099115,0.0020295230421200137,,0.9573395289968888
"('square', 'doorbell')",,0.053463152985074626,,,,0.053463152985074626,,,0.9465368470149254
"('square', 'washroom')",,0.06060606060606061,,,,0.06060606060606061,,,0.9393939393939394
"('square', 'armoire')",,0.10204081632653061,,,,0.09693877551020408,0.00510204081632653,,0.8979591836734694
"('square', 'foyer')",,0.0875592661306947,,,,0.08502112966398681,0.0025381364667078953,,0.9124407338693052
"('square', 'stairwell')",,0.0564043082021541,,,,0.05405412869373101,0.0023501795084230875,,0.9435956917978459
"('square', 'toilet')",,0.06119128545160751,,,,0.058204713879757064,0.0029865715718504484,,0.9388087145483925
"('square', 'drawer')",,0.0638510576644451,,,,0.06044624746450304,0.003404810199942046,,0.9361489423355549
"('square', 'sideboard')",,0.10502725620835857,,,,0.10502725620835857,,,0.8949727437916415
"('square', 'cabinet')",,0.023443001605588577,,,,0.023443001605588577,,,0.9765569983944113
"('square', 'console')",,0.07615739354375037,,,,0.07269569383721627,0.0034616997065341076,,0.9238426064562496
"('square', 'screen')",,0.0480868055852451,,,,0.04623731306273568,0.001849492522509427,,0.9519131944147549
"('square', 'rack')",,0.08421607342527111,,,,0.07848413594352328,0.005731937481747825,,0.9157839265747288
"('square', 'floppy')",,0.1296551724137931,,,,0.1296551724137931,,,0.8703448275862069
"('square', 'countertop')",,0.07643346556076452,,,,0.07218716191849982,0.004246303642264695,,0.9235665344392354
"('square', 'bookshelf')",,0.08599716260677956,,,,0.08354010081801443,0.0024570617887651304,,0.9140028373932204
"('square', 'tray')",,0.06566326530612246,,,,0.0639795918367347,0.0016836734693877551,,0.9343367346938776
"('square', 'button')",,0.08377399138268704,,,,0.08377399138268704,,,0.916226008617313
"('square', 'balcony')",,0.04723943653960462,,,,0.04386640994502479,0.003373026594579836,,0.9527605634603953
"('square', 'folder')",,0.08827589277762934,,,,0.08827589277762934,,,0.9117241072223706
"('square', 'classroom')",,0.043031441201909215,,,,0.04152685235608802,0.0015045888458211872,,0.9569685587980907
"('square', 'mainframe')",,0.03922578184591914,,,,0.03922578184591914,,,0.9607742181540808
"('square', 'workstation')",,0.07238331591779867,,,,0.07238331591779867,,,0.9276166840822013
"('square', 'room')",,0.0469918525179642,,,,0.045509390031888225,0.0014824624860759778,,0.9530081474820359
"('square', 'luggage')",,0.04447814431115958,,,,0.042970737913486004,0.001507406397673573,,0.9555218556888405
"('square', 'pantry')",,0.04339046734151629,,,,0.04339046734151629,,,0.9566095326584837
"('square', 'bookcase')",,0.11581303760017242,,,,0.1095528734055685,0.006260164194603915,,0.8841869623998275
"('square', 'basement')",,0.054008097165991906,,,,0.05248698669751302,0.0015211104684788896,,0.945991902834008
"('square', 'cafeteria')",,0.045187847369033834,,,,0.042712220649423066,0.0024756267196107628,,0.9548121526309662
"('square', 'computer')",,0.04180093470393012,,,,0.04180093470393012,,,0.9581990652960699
"('square', 'closet')",,0.049868363427685455,,,,0.04727758117588626,0.002590782251799201,,0.9501316365723145
"('square', 'kitchenette')",,0.0999697519661222,,,,0.0999697519661222,,,0.9000302480338778
"('square', 'parlor')",,0.06800486618004867,,,,0.06276792955625073,0.005236936623797938,,0.9319951338199514
"('square', 'server')",,0.05436875803855696,,,,0.05436875803855696,,,0.945631241961443
"('square', 'dining')",,0.05095846019156137,,,,0.04864169138496518,0.002316768806596192,,0.9490415398084386
"('square', 'keypad')",,0.08791251255893037,,,,0.08791251255893037,,,0.9120874874410696
"('square', 'newspaper')",,0.03910226978408796,,,,0.03670065661172381,0.0024016131723641606,,0.9608977302159122
"('square', 'wallpaper')",,0.0616265298065535,,,,0.05910777733912357,0.0025187524674299246,,0.9383734701934465
"('warm', 'blouse')",,0.05855040937462424,,,,0.05028366546058745,0.008266743914036794,,0.9414495906253757
"('warm', 'topcoat')",,0.11696306429548564,,,,0.08187414500683995,0.03508891928864569,,0.8830369357045144
"('warm', 'tunic')",,0.08635847986386841,,,,0.075971355643789,0.01038712422007941,,0.9136415201361316
"('warm', 'candle')",0.012732251735359553,0.05405631545961453,0.005092900694143821,0.005092900694143821,0.0025464503470719103,0.03990562400794292,0.01415069145167161,,0.9332114328050259
"('warm', 'feather')",0.0011971179545287227,0.05773373407977159,0.0011971179545287227,,,0.049920364731225554,0.007813369348546033,,0.9410691479656997
"('warm', 'cassock')",,0.0583373845405931,,,,0.05000347246336551,0.008333912077227584,,0.9416626154594069
"('warm', 'tortilla')",0.018731435437039014,0.1053424223208624,0.008673196942896238,0.004276107198878617,0.00578213129526416,0.09227213563394854,0.01307028668691386,,0.8759261422420985
"('warm', 'overcoat')",0.006907335438426038,0.08405695895069226,0.006907335438426038,,,0.07163893611853292,0.012418022832159339,,0.9090357056108818
"('warm', 'jean')",,0.00844787127053302,,,,0.00844787127053302,,,0.991552128729467
"('warm', 'skirt')",0.003088016813513976,0.05200504094611675,0.0016959379114668029,0.00047551117451260106,0.0009165677275345726,0.04236603737471618,0.009639003571400573,,0.9449069422403693
"('warm', 'mask')",0.006475412289365778,0.04633204633204633,0.002458771063422226,0.0030124809194576638,0.001004160306485888,0.03639370267277244,0.009938343659273891,,0.9471925413785879
"('warm', 'bathrobe')",0.0033787254443138105,0.06419578344196239,0.0033787254443138105,,,0.052353122467382746,0.011842660974579658,,0.9324254911137237
"('warm', 'mug')",0.011320039296775428,0.06501047686266599,0.006554860274485891,0.001789681252196352,0.0029754977700931873,0.05155752084382346,0.013452956018842532,,0.9236694838405586
"('warm', 'slipper')",0.009632959905660377,0.07875147405660377,0.005793042452830188,0.0038399174528301887,,0.07491155660377358,0.0038399174528301887,,0.9116155660377359
"('warm', 'cloak')",0.004223617567473808,0.06353639075834316,0.0012315270935960591,,0.0029920904738777493,0.04312079372788455,0.020415597030458615,,0.932239991674183
"('warm', 'quesadilla')",0.01365967365967366,0.12643356643356643,0.00682983682983683,,0.00682983682983683,0.10927738927738928,0.017156177156177156,,0.8599067599067599
"('warm', 'necktie')",0.005442267537429473,0.07483673197387711,0.0027211337687147365,0.0027211337687147365,,0.06395219689901817,0.010884535074858946,,0.9197210004886934
"('warm', 'glass')",0.005057982044867241,0.05358594308733607,0.0010115964089734482,0.0020231928179468965,0.0020231928179468965,0.04150376500775995,0.01208217807957612,,0.9413560748677967
"('warm', 'clothing')",0.005662146331674531,0.04751401121418361,0.0016177560947641515,0.0024266341421462275,0.0016177560947641515,0.03624216694617426,0.011271844268009345,,0.9468238424541419
"('warm', 'cake')",0.004886130140584384,0.07392990822619579,0.002097283604178776,0.0013831258644536654,0.0014057206719519436,0.060548758435253903,0.013381149790941876,,0.9211839616332198
"('warm', 'linen')",0.006561410431935304,0.07564612916286799,0.0027301005889029967,0.002167037525839934,0.001664272317192372,0.061326420208033895,0.014319708954834101,,0.9177924604051967
"('warm', 'soup')",0.014399141737872814,0.09303861617868676,0.005746837603430272,0.00432615206722127,0.00432615206722127,0.08020086575721641,0.01283775042147036,,0.8925622420834404
"('warm', 'pullover')",0.01327284946236559,0.12701612903225806,0.007980510752688172,0.00529233870967742,,0.10055443548387097,0.026461693548387098,,0.8597110215053764
"('warm', 'trouser')",,0.08060498510330007,,,,0.06654673330836983,0.014058251794930237,,0.9193950148966998
"('warm', 'waistcoat')",,0.1272100689241834,,,,0.10600839077015284,0.021201678154030568,,0.8727899310758166
"('warm', 'atmosphere')",0.00796760056285086,0.039656795360670176,0.00398380028142543,0.001991900140712715,0.001991900140712715,0.028132030610092118,0.01152476475057806,,0.9523756040764789
"('warm', 'corset')",0.008185675997617629,0.08731387730792138,0.005457117331745086,0.002728558665872543,,0.07639964264443122,0.010914234663490173,,0.904500446694461
"('warm', 'people')",0.001051156271899089,0.030169825926976975,0.000350385423966363,0.000700770847932726,,0.02496833982945979,0.005201486097517187,,0.968779017801124
"('warm', 'bodice')",,0.07574901074053136,,,,0.06166384021104202,0.014085170529489353,,0.9242509892594686
"('warm', 'blanket')",0.005776831863788386,0.054806606437041216,0.003301046779307649,0.0008252616948269122,0.0016505233896538245,0.04330180688876341,0.011504799548277808,,0.9394165616991704
"('warm', 'jacket')",0.009871369237994214,0.07392029207287382,0.004237322968339585,0.004084768936475208,0.0015492773331794239,0.06070505534504106,0.013215236727832763,,0.916208338689132
"('warm', 'robe')",0.0017843006871220038,0.06684557170450588,0.0017843006871220038,,,0.05888192267502612,0.00796364902947975,,0.9313701276083721
"('warm', 'uniform')",0.004587264850750698,0.03904318240262694,0.0010686803948331454,0.0021111506735505313,0.0014074337823670206,0.03375220066069274,0.005290981741934207,,0.9563695527466224
"('warm', 'calfskin')",,0.15031347962382446,,,,0.11489028213166144,0.03542319749216301,,0.8496865203761755
"('warm', 'toe')",0.0037500828198502615,0.06712383224011131,,,0.0037500828198502615,0.04552441529185715,0.02159941694825416,,0.9291260849400385
"('warm', 'nose')",0.006777558612754369,0.06665391237345566,,0.005017655332731396,0.001759903280022974,0.05178505265803685,0.014868859715418814,,0.9265685290137899
"('warm', 'scarf')",0.006099302541990289,0.06345301602218598,0.0030496512709951443,0.0015248256354975722,0.0015248256354975722,0.05292665174088099,0.010526364281304993,,0.9304476814358238
"('warm', 'gown')",0.0026349443259112175,0.054737146633090164,0.0008103727714748784,,0.001824571554436339,0.037505629871688234,0.01723151676140193,,0.9426279090409986
"('warm', 'head')",0.003183013340487446,0.05058526200843482,0.0013154907847036754,0.001081101640644242,0.0007864209151395292,0.04042762533886978,0.01015763666956504,,0.9462317246510777
"('warm', 'vest')",0.0014577259475218659,0.042967904566692555,,0.0014577259475218659,,0.03932677250563357,0.0036411320610589834,,0.9555743694857856
"('warm', 'taffeta')",,0.06677780865055108,,,,0.058395850699268316,0.008381957951282763,,0.933222191349449
"('warm', 'waist')",0.004483101898555962,0.06276342657978347,0.0014943672995186542,0.0029887345990373083,,0.055417968325621306,0.007345458254162168,,0.9327534715216605
"('warm', 'tea')",0.0038112719301628107,0.047849579407217034,0.0021407777445797463,0.0008327388424201937,0.0008377553431628702,0.03771330406582045,0.010136275341396581,,0.9483391486626201
"('warm', 'leotard')",0.0093717904827114,0.0187435809654228,,,0.0093717904827114,0.0187435809654228,,,0.9718846285518659
"('warm', 'coverall')",,0.05839727195225916,,,,0.04379795396419438,0.01459931798806479,,0.9416027280477408
"('warm', 'mitten')",0.0036496350364963502,0.043795620437956206,0.0036496350364963502,,,0.021897810218978103,0.021897810218978103,,0.9525547445255474
"('warm', 'coffee')",0.004911260034683866,0.04510043203492371,0.002334086563648994,0.0012704198163177077,0.0013067536547171636,0.03713208777104619,0.007968344263877528,,0.9499883079303924
"('warm', 'underwear')",0.004581497520342415,0.04927454819087704,0.0010265530873099383,0.0020531061746198766,0.0015018382584126,0.04051085557619026,0.008763692614686784,,0.9461439542887806
"('warm', 'fireplace')",0.011371689968429868,0.0637966303717544,0.005685844984214934,0.002842922492107467,0.002842922492107467,0.05033502995940983,0.013461600412344565,,0.9248316796598157
"('warm', 'undergarment')",0.010256679991584262,0.061540079949505576,0.010256679991584262,,,0.061540079949505576,,,0.9282032400589102
"('warm', 'flannel')",0.013812654563001387,0.09778937209723143,0.0038980034984015923,0.006016647566198203,0.0038980034984015923,0.07829935460522347,0.01949001749200796,,0.8883979733397671
"('warm', 'cheesecloth')",0.006646352234587529,0.10296325737502209,0.006646352234587529,,,0.0930489312842254,0.00991432609079668,,0.8903903903903904
"('warm', 'dress')",0.0034090337702724132,0.050012860629455286,0.0009887213246641733,0.001431591120944067,0.0009887213246641733,0.041763201967966394,0.008249658661488893,,0.9465781056002723
"('warm', 'wool')",0.0066054989634292465,0.07325840970040376,0.0037562600405834277,0.002849238922845819,,0.06004741177354526,0.013210997926858493,,0.9201360913361669
"('warm', 'costume')",0.0026309899868621344,0.03522109712282452,0.0013154949934310672,,0.0013154949934310672,0.03069118157076936,0.004529915552055162,,0.9621479128903134
"('warm', 'bathtub')",0.0037040152171943946,0.062493799683406445,0.0014697446116553013,0.0022342706055390933,,0.050735842790164035,0.01175795689324241,,0.9338021850993992
"('warm', 'heat')",0.012209818737152751,0.08075955698776482,0.005426586105401223,0.004069939579050917,0.0027132930527006115,0.06114236338843326,0.019617193599331558,,0.9070306242750824
"('warm', 'boot')",0.0024985910394221,0.037402246932168315,0.0014799228259841125,,0.0010186682134379873,0.030463887414793882,0.006938359517374438,,0.9600991620284096
"('warm', 'kettle')",0.00956400229354114,0.07349099991393303,0.0027098584223636153,0.002773115112126329,0.004081028759051193,0.0606093440326926,0.012881655881240427,,0.9169449977925259
"('warm', 'comforter')",0.012024482714304074,0.11021237630124663,0.00801632180953605,,0.004008160904768025,0.0901715717774065,0.020040804523840123,,0.8777631409844493
"('warm', 'coat')",0.008372798464729006,0.09144303092209119,0.004186399232364503,0.0009363295880149813,0.003250069644349522,0.07475160182003901,0.016691429102052187,,0.9001841706131799
"('warm', 'dragon')",0.0013044290413129697,0.040287424995648045,0.00025425883549453347,,0.0010501702058184365,0.03412708413724121,0.006160340858406832,,0.958408145963039
"('warm', 'tile')",0.008648846744084839,0.04602716507478412,0.0021622116860212097,0.0021622116860212097,0.004324423372042419,0.035523030761126,0.010504134313658122,,0.9453239881811311
"('warm', 'glove')",0.004093523286847348,0.038801388314601115,0.0024972120938741246,0.0015963111929732236,,0.03241614354270821,0.006385244771892894,,0.9571050883985516
"('warm', 'wig')",0.003317095836406967,0.06569536485960444,,0.003317095836406967,,0.05644741188302033,0.009247952976584102,,0.9309875393039886
"('warm', 'towel')",0.009491315136476428,0.07669561621174524,0.005148883374689826,0.0014474772539288668,0.0028949545078577337,0.06110421836228288,0.015591397849462365,,0.9138130686517782
"('warm', 'attire')",0.003162245259067105,0.05411611349019022,0.0006119951040391676,0.002550250155027937,,0.04646536302510641,0.007650750465083813,,0.9427216412507426
"('warm', 'smoke')",0.009035781510542955,0.07469734788901047,,0.005021415427980441,0.004014366082562514,0.0644715993296966,0.010225748559313876,,0.9162668706004465
"('warm', 'toilet')",0.003383723450368444,0.0521788307325531,0.0011710283918508887,0.0005208333333333333,0.001691861725184222,0.041768936931079324,0.010409893801473776,,0.9444374458170784
"('warm', 'casserole')",0.017179807442102523,0.14508613062711426,0.007240176945094979,0.001366120218579235,0.008573510278428313,0.12095290137913088,0.024133229247983345,,0.8377340619307833
"('warm', 'chiffon')",0.004728604728604729,0.08471528471528472,,0.004728604728604729,,0.07309357309357309,0.011621711621711623,,0.9105561105561106
"('warm', 'sunglass')",,0.09143679762236463,,,,0.08177765394260239,0.009659143679762236,,0.9085632023776353
"('warm', 'space')",0.0019499259566744414,0.03581571656621368,0.0004494206931119351,,0.0015005052635625063,0.03007126192516863,0.0057444546410450464,,0.962234357477112
"('warm', 'kimono')",,0.07006689663840901,,,,0.05685166822619164,0.013215228412217365,,0.929933103361591
"('warm', 'drink')",0.004190822169133417,0.05514729917281369,0.0010787229282002652,0.0020424374320738687,0.001069661808859283,0.044353794898576174,0.010793504274237526,,0.940661878658053
"('warm', 'leather')",0.006107777226308111,0.07636751943930575,0.0008347245409015025,0.0035374272436042055,0.0017356254418024034,0.06081306682308352,0.015554452616222233,,0.9175247033343861
"('warm', 'river')",0.0018260935659179872,0.04798198609052559,0.0006802721088435374,,0.00114582145707445,0.03741876638923726,0.010563219701288335,,0.9501919203435565
"('warm', 'stove')",0.013984679846222516,0.08904359428469952,0.006215413264987785,0.0046615599487408385,0.0031077066324938923,0.06812716879526573,0.020916425489433798,,0.8969717258690779
"('warm', 'headgear')",0.006206317793531903,0.048905283198476916,0.0011961722488038277,0.002505072772364037,0.002505072772364037,0.03768881986021694,0.011216463338259977,,0.9448883990079912
"('warm', 'flame')",0.006896005072923272,0.05511519763263581,0.0019639963362220814,0.002466004368350595,0.002466004368350595,0.04424716409497639,0.01086803353765941,,0.937988797294441
"('warm', 'shoe')",0.002376123986037068,0.03359142920013203,,0.0015840826573580453,0.0007920413286790226,0.02846660298662719,0.005124826213504836,,0.9640324468138308
"('warm', 'outfit')",0.003396461869008634,0.03769242582085773,0.0013585847476034539,0.0013585847476034539,0.0006792923738017269,0.03157879445664219,0.006113631364215542,,0.9589111123101337
"('warm', 'jumpsuit')",0.0030723703431441846,0.06931210947439848,,0.0030723703431441846,,0.0631673687881101,0.006144740686288369,,0.9276155201824573
"('warm', 'heating')",0.018633583541840422,0.06048790658882402,0.010647762023908814,0.0026619405059772035,0.005323881011954407,0.04717820405893801,0.013309702529886017,,0.9208785098693355
"('warm', 'outerwear')",0.0035971223021582736,0.08992805755395683,0.0035971223021582736,,,0.07194244604316546,0.017985611510791366,,0.9064748201438849
"('warm', 'shalwar')",,,,,,,,,1.0
"('warm', 'turban')",,0.056750954198473286,,,,0.04633826335877862,0.010412690839694656,,0.9432490458015267
"('warm', 'poncho')",0.006690160541477877,0.10534765340940874,0.0033450802707389385,0.0033450802707389385,,0.08697208703921239,0.018375566370196342,,0.8879621860491134
"('warm', 'nightgown')",0.013761757464806516,0.07339603981230142,0.0045872524882688386,0.009174504976537677,,0.06880878732403257,0.0045872524882688386,,0.9128422027228921
"('warm', 'bed')",0.0038203247007253063,0.05101689196250743,0.0019101623503626531,0.0011355865903437813,0.0007745757600188716,0.04058639625193719,0.010430495710570243,,0.9451627833367673
"('warm', 'vinyl')",0.006242448281054322,0.050684199508610334,0.002734227236502393,0.002734227236502393,0.0007739938080495357,0.0405212843706503,0.010162915137960036,,0.9430733522103354
"('warm', 'brogue')",,0.038470643939393936,,,,0.030776515151515152,0.007694128787878788,,0.9615293560606061
"('warm', 'loincloth')",,0.1480033364612658,,,,0.12634240433739966,0.021660932123866126,,0.8519966635387343
"('warm', 'stocking')",0.0006305170239596469,0.06028061493837269,0.0006305170239596469,,,0.05270743810872783,0.007573176829644859,,0.9390888680376677
"('warm', 'helmet')",0.002469228855908889,0.05065310952492218,0.0012346144279544444,0.0012346144279544444,,0.04282257882161404,0.007830530703308134,,0.946877661619169
"('warm', 'headdress')",0.0034273816208122776,0.061470615758936926,0.0034273816208122776,,,0.05301328841474827,0.008457327344188657,,0.9351020026202508
"('warm', 'footwear')",0.0017258034115540475,0.05272830081990387,0.0017258034115540475,,,0.04487088870040524,0.007857412119498634,,0.9455458957685421
"('warm', 'sleeve')",0.0068081789840454794,0.055227626994315056,0.0017020447460113699,0.0034040894920227397,0.0017020447460113699,0.04425316339629562,0.01097446359801944,,0.9379641940216394
"('warm', 'legging')",,0.0531015037593985,,,,0.03540100250626566,0.01770050125313283,,0.9468984962406015
"('warm', 'juice')",0.01651077097505669,0.1384637188208617,0.0037556689342403624,0.002976190476190476,0.009778911564625849,0.11139455782312925,0.02706916099773243,,0.8450255102040817
"('warm', 'sheepskin')",0.011190929306871336,0.10626590264271424,0.005595464653435668,0.005595464653435668,,0.07072083847446166,0.03554506416825257,,0.8825431680504144
"('warm', 'water')",0.006067668718418492,0.056815549670056954,0.0029412947284270276,0.0016557266257779505,0.0014706473642135138,0.04265932044846414,0.014156229221592818,,0.9371167816115246
"('warm', 'sandal')",,0.06738944508728681,,,,0.06738944508728681,,,0.9326105549127132
"('warm', 'deerskin')",0.01518288474810214,0.15113871635610765,,0.01518288474810214,,0.10559006211180125,0.045548654244306416,,0.8336783988957902
"('warm', 'lava')",0.010100250626566415,0.06113408521303258,,0.0050501253132832075,0.0050501253132832075,0.04884085213032581,0.012293233082706766,,0.928765664160401
"('warm', 'turtleneck')",0.00871938736826143,0.10027295473500644,0.004359693684130715,0.004359693684130715,,0.07411479263022216,0.02615816210478429,,0.8910076578967321
"('warm', 'garment')",0.0015140749955167945,0.030813809635146516,,0.0015140749955167945,,0.0225613064174534,0.008252503217693111,,0.9676721153693367
"('warm', 'denim')",0.002813015859944376,0.0397958457950747,0.0008665511265164644,0.0019464647334279115,,0.033956451594790965,0.005839394200283735,,0.9573911383449809
"('warm', 'basement')",0.007011480297596064,0.04025120117191387,0.0030049201275411702,0.0020032800850274465,0.0020032800850274465,0.03278393236018837,0.007467268811725507,,0.95273731853049
"('warm', 'suit')",0.0031854414930291737,0.03497960839519828,0.0010618138310097246,0.0010618138310097246,0.0010618138310097246,0.02872894467505692,0.006250663720141359,,0.9618349501117724
"('warm', 'sweater')",0.004576338680172725,0.059294851852312744,0.0027952687315670926,0.0017810699486056321,,0.04860843216067895,0.010686419691633794,,0.9361288094675145
"('warm', 'sock')",0.010039103190541134,0.06305176373779788,0.0027169479823308525,0.00521016790343539,0.0021119873047748938,0.053478020507809004,0.009573743229988867,,0.926909133071661
"('warm', 'frock')",0.0048923444976076555,0.05631578947368421,,,0.0048923444976076555,0.05631578947368421,,,0.9387918660287082
"('warm', 'winter')",0.006248771022472201,0.053993852329770387,0.003882641457632275,0.0004248088360237893,0.0019413207288161375,0.04180007642848928,0.012193775901281106,,0.9397573766477574
"('warm', 'cloth')",0.004988676496207023,0.06355415485485327,0.0015342159859366834,0.001995470598482809,0.00145898991178753,0.05112007665141029,0.012434078203442979,,0.9314571686489397
"('warm', 'dad')",0.0011942646994315923,0.03247084027275647,,,0.0011942646994315923,0.02834397653354766,0.004126863739208814,,0.9663348950278119
"('warm', 'undershirt')",0.0058997563522450395,0.09439610163592063,,0.0058997563522450395,,0.07669683257918553,0.01769926905673512,,0.8997041420118344
"('warm', 'sun')",0.010578355681972098,0.043165041311120145,0.005289177840986049,0.0026445889204930245,0.0026445889204930245,0.03601009074901801,0.007154950562102126,,0.9462566030069077
"('warm', 'cape')",,0.05247055061030862,,,,0.03783913437450029,0.014631416235808326,,0.9475294493896913
"('warm', 'parka')",0.02232905982905983,0.11005799755799756,0.00956959706959707,0.00956959706959707,0.00318986568986569,0.08931623931623932,0.020741758241758244,,0.8676129426129426
"('warm', 'jungle')",0.0034398466833541926,0.03814924906132666,,0.0022932311222361285,0.0011466155611180643,0.03074872236128494,0.007400526700041718,,0.9584109042553192
"('warm', 'vapor')",0.01966034640806677,0.0781740000964925,0.00737262990302504,0.00737262990302504,0.0049150866020166925,0.05624306460172722,0.021930935494765283,,0.9021656534954408
"('warm', 'hat')",,0.09834834834834835,,,,0.08689939939939939,0.011448948948948948,,0.9016516516516516
"('warm', 'shawl')",0.006098978235201146,0.08533920917821847,0.003049489117600573,0.003049489117600573,,0.0700917635902156,0.015247445588002864,,0.9085618125865804
"('black', 'bear')",0.004644968539979702,0.032122769819759873,0.004644968539979702,,,0.02507395512593401,0.007048814693825856,,0.9632322616402604
"('black', 'football')",0.0006459948320413437,0.017395362122450065,0.0006459948320413437,,,0.014818025414665578,0.002577336707784487,,0.9819586430455086
"('black', 'tyre')",,0.04427434170238824,,,,0.035701163502755665,0.008573178199632579,,0.9557256582976117
"('black', 'leopard')",0.005644131644925602,0.05413141259613861,0.002822065822462801,0.002822065822462801,,0.044494101464338943,0.009637311131799654,,0.9402244557589359
"('black', 'car')",0.0015178307115659613,0.037226190243997585,0.0003766478342749529,0.0011411828772910086,,0.031524580404219966,0.0057016098397776145,,0.9612559790444365
"('black', 'penguin')",0.0029171945341142794,0.03250240910601689,0.0029171945341142794,,,0.027318447992659457,0.0051839611133574414,,0.9645803963598689
"('black', 'civet')",,0.048286594567404424,,,,0.048286594567404424,,,0.9517134054325955
"('black', 'aubergine')",0.028348264817703316,0.08778452048050721,0.014174132408851658,0.014174132408851658,,0.059436255662803895,0.028348264817703316,,0.8838672147017895
"('black', 'jean')",,,,,,,,,1.0
"('black', 'owl')",0.0032886779800537676,0.03274802207566732,,0.0032886779800537676,,0.03035567757805967,0.0023923444976076554,,0.9639632999442789
"('black', 'crypt')",,0.04266261321172969,,,,0.03910317309519286,0.0035594401165368293,,0.9573373867882703
"('black', 'skunk')",0.003935919077377423,0.04925123919364596,0.003935919077377423,,,0.03744348196151369,0.011807757232132269,,0.9468128417289767
"('black', 'opossum')",,0.019049346879535557,,,,0.019049346879535557,,,0.9809506531204644
"('black', 'zebra')",0.004310764557395285,0.051121144055106316,0.004310764557395285,,,0.04792149060882214,0.003199653446284174,,0.9445680913874984
"('black', 'coal')",0.002215502729855625,0.049411277465553946,,0.002215502729855625,,0.0382380184721715,0.011173258993382437,,0.9483732198045904
"('black', 'cockroach')",0.004044931385568835,0.03906042496679946,0.004044931385568835,,,0.035015493581230635,0.004044931385568835,,0.9568946436476318
"('black', 'glass')",0.002990494436457228,0.05992058863724884,0.001495247218228614,0.001495247218228614,,0.04945385810964855,0.010466730527600297,,0.937088916926294
"('black', 'grape')",,0.03862240553227667,,,,0.03270295580983596,0.005919449722440712,,0.9613775944677233
"('black', 'cat')",0.002908306925384022,0.04483242670339251,0.001454153462692011,0.001454153462692011,,0.03605552080233586,0.008776905901056646,,0.9522592663712235
"('black', 'woodpecker')",0.01023397464891349,0.030297829119154265,0.0021551724137931034,0.008078802235120386,,0.022219026884033877,0.008078802235120386,,0.9594681962319322
"('black', 'rabbit')",0.0017463744883763205,0.043614188564765684,0.0017463744883763205,,,0.03454955516058161,0.009064633404184078,,0.954639436946858
"('black', 'pig')",0.0016186503790412143,0.04130560373832544,,0.0016186503790412143,,0.032379503933213954,0.008926099805111484,,0.9570757458826333
"('black', 'sky')",0.00233006283163023,0.04434922444326833,0.001165031415815115,0.001165031415815115,,0.036194004532562524,0.008155219910705804,,0.9533207127251014
"('black', 'snake')",0.0028300889070058646,0.04971437899320735,0.0016804372348192807,0.0011496516721865842,,0.043523415616562935,0.006190963376644426,,0.9474555320997868
"('black', 'rat')",,0.03800606691072187,,,,0.03078153641648946,0.0072245304942324135,,0.9619939330892782
"('black', 'gown')",0.003439716312056738,0.058475177304964536,0.003439716312056738,,,0.055035460992907806,0.003439716312056738,,0.9380851063829787
"('black', 'human')",,0.02450817216189149,,,,0.01774287331896097,0.006765298842930522,,0.9754918278381085
"('black', 'monkey')",0.0020677814965024428,0.030156761811132034,0.00165524024237703,0.00041254125412541255,,0.028501521568755003,0.00165524024237703,,0.9677754566923655
"('black', 'cherry')",0.0031458153587701856,0.043265636178949525,0.0015729076793850928,0.0015729076793850928,,0.038978980549726476,0.004286655629223055,,0.9535885484622802
"('black', 'cloud')",0.00343550579399636,0.045433340244661,0.00171775289699818,0.00171775289699818,,0.03611888635473541,0.009314453889925588,,0.9511311539613427
"('black', 'pit')",0.001754731618416678,0.041248506938886084,,0.001754731618416678,,0.03509463236833356,0.006153874570552525,,0.9569967614426973
"('black', 'coffee')",0.002306564615687992,0.04673079209886411,0.0010652851237538867,0.001241279491934105,,0.03928311514725948,0.00744767695160463,,0.950962643285448
"('black', 'sheep')",0.007634526896828406,0.032330798036578554,0.003817263448414203,0.003817263448414203,,0.025576552829890995,0.00675424520668756,,0.960034675066593
"('black', 'starling')",,0.03916354943231211,,,,0.03916354943231211,,,0.960836450567688
"('black', 'lizard')",0.005349587689928705,0.05339519986596836,0.0026747938449643524,0.0026747938449643524,,0.044588438208667744,0.008806761657300604,,0.9412552124441029
"('black', 'dress')",0.003230988280822168,0.04920411814099522,0.001615494140411084,0.001615494140411084,,0.041126647438939797,0.00807747070205542,,0.9475648935781826
"('black', 'balloon')",0.0020518127764822913,0.03412038806954189,0.0004789272030651341,0.001572885573417157,,0.02790362842884356,0.006216759640698326,,0.9638277991539758
"('black', 'nightmare')",0.0006657789613848203,0.03243252320348339,0.0006657789613848203,,,0.02621233014734064,0.006220193056142749,,0.9669016978351317
"('black', 'paint')",0.002595342838582107,0.05064613909682122,0.0012976714192910535,0.0012976714192910535,,0.043284198791422646,0.0073619403053985675,,0.9467585180645965
"('black', 'pelican')",0.003700926288289892,0.0405689912334028,0.003700926288289892,,,0.036868064945112904,0.003700926288289892,,0.9557300824783073
"('black', 'ring')",0.0011828251824950267,0.032511954158704226,,0.0011828251824950267,,0.027780653428724114,0.004731300729980107,,0.9663052206588008
"('black', 'olive')",0.0063289827060338975,0.08208240638527846,0.003549779631210812,0.0027792030748230857,,0.06349033848363549,0.018592067901642976,,0.9115886109086877
"('black', 'truffle')",0.0031915878351999093,0.04550222479949077,0.0031915878351999093,,,0.04388096394729091,0.0016212608521998697,,0.9513061873653094
"('black', 'blackboard')",,0.04559567157875512,,,,0.04221694613444131,0.0033787254443138105,,0.9544043284212449
"('black', 'miner')",0.005296343001261034,0.039638503572929806,,0.005296343001261034,,0.021185372005044136,0.018453131567885667,,0.9550651534258092
"('black', 'calf')",,0.04453887780969551,,,,0.03967933583462466,0.004859541975070858,,0.9554611221903044
"('black', 'bat')",,0.027034511313376287,,,,0.01944589294678247,0.007588618366593817,,0.9729654886866238
"('black', 'night')",0.0016572619592293224,0.035477352447765745,0.0005274261603375527,0.0011298357988917696,,0.02696609221696914,0.008511260230796604,,0.9628653855930049
"('black', 'cow')",,0.03036999945866941,,,,0.022461836193363286,0.007908163265306122,,0.9696300005413306
"('black', 'umbrella')",0.0018570502386404393,0.03528395453416834,0.0018570502386404393,,,0.03156985405688747,0.0037141004772808786,,0.9628589952271912
"('black', 'magpie')",0.00980439277508562,0.029413178325256854,0.00980439277508562,,,0.029413178325256854,,,0.9607824288996576
"('black', 'raccoon')",0.0013844974609562135,0.0568068153393691,0.0013844974609562135,,,0.04978631702303924,0.007020498316329863,,0.9418086871996746
"('black', 'mussel')",0.006570205880477528,0.05080664528881846,0.006570205880477528,,,0.045925628597530126,0.004881016691288338,,0.942623148830704
"('black', 'crocodile')",,0.02828183974178556,,,,0.023311232362122455,0.0049706073796631075,,0.9717181602582146
"('black', 'recorder')",0.01190644932671864,0.04762579730687456,0.01190644932671864,,,0.03571934798015591,0.01190644932671864,,0.9404677533664068
"('black', 'rhino')",0.002693996033517769,0.01652197562508398,0.002693996033517769,,,0.015203706247736733,0.0013182693773472472,,0.9807840283413982
"('black', 'weasel')",,0.04508862914839423,,,,0.032192303631459245,0.012896325516934985,,0.9549113708516058
"('black', 'stocking')",0.0025235189422832443,0.07307398932112891,0.0025235189422832443,,,0.06550343249427917,0.007570556826849734,,0.9244024917365878
"('black', 'insect')",0.0031290209410737312,0.032622341351869096,,0.0031290209410737312,,0.02402511818317193,0.00859722316869717,,0.964248637707057
"('black', 'pea')",0.0022669133423665246,0.0617175804234611,0.0022669133423665246,,,0.05218142480183289,0.00953615562162822,,0.9360155062341723
"('black', 'hornet')",,0.03381142204151053,,,,0.024525233197799572,0.009286188843710968,,0.9661885779584894
"('black', 'crow')",0.009518186248022815,0.03239052444686049,0.008209285724462605,0.0013089005235602095,,0.028745175325169445,0.0036453491216910505,,0.9580912893051167
"('black', 'hair')",0.0033252018377884357,0.04321132866986622,0.0016626009188942178,0.0016626009188942178,,0.033118964644790146,0.010092364025076071,,0.9534634694923453
"('black', 'gorilla')",,0.03293516253940047,,,,0.02831910345957121,0.004616059079829265,,0.9670648374605995
"('black', 'suit')",0.0017137673197322254,0.0405975542734339,0.0017137673197322254,,,0.03440255100110566,0.006195003272328241,,0.9576886784068339
"('black', 'bird')",0.0008146473033662533,0.03113126351359486,,0.0008146473033662533,,0.029096654391052374,0.0020346091225424768,,0.9680540891830389
"('black', 'lantern')",0.0027894057048598684,0.0571808717573645,,0.0027894057048598684,,0.044630491277757894,0.012550380479606604,,0.9400297225377756
"('black', 'hose')",0.003977149182628635,0.06559133408448477,0.0019885745913143173,0.0019885745913143173,,0.05167131194528454,0.013920022139200221,,0.9304315167328866
"('black', 'eye')",0.0012812347130067075,0.03779273053196275,0.0012812347130067075,,,0.030747170777670897,0.007045559754291849,,0.9609260347550306
"('black', 'dog')",0.002214059680451971,0.039127253783925765,0.0011070298402259854,0.0011070298402259854,,0.031736908134819226,0.007390345649106545,,0.9586586865356224
"('black', 'tar')",0.017512506480708945,0.14010005184567156,0.017512506480708945,,,0.11005016326236312,0.03004988858330844,,0.8423874416736195
"('black', 'pot')",0.007942835332074596,0.09189236481061254,,0.007942835332074596,,0.06956657092736437,0.02232579388324815,,0.9001647998573129
"('black', 'beetle')",0.003547587946530564,0.03500063606432135,0.003547587946530564,,,0.02181436869697416,0.013186267367347189,,0.9614517759891481
"('black', 'parka')",0.01111145405722399,0.06111299731473194,0.005555727028611995,0.005555727028611995,,0.05000154325750795,0.01111145405722399,,0.9277755486280441
"('black', 'raisin')",,0.03984894285722443,,,,0.03440119552784136,0.005447747329383067,,0.9601510571427756
"('black', 'market')",0.0025429373270220634,0.026067128372261453,0.0012714686635110317,0.0012714686635110317,,0.02352419104523939,0.0025429373270220634,,0.9713899343007164
"('black', 'bra')",0.016666666666666666,0.075,0.008333333333333333,0.008333333333333333,,0.05,0.025,,0.9083333333333333
"('black', 'pupil')",0.0034812907135282536,0.018277533707014088,0.0017406453567641268,0.0017406453567641268,,0.013055597636721709,0.00522193607029238,,0.9782411755794577
